/*******************************************************************************
**                        Low-energy quadrupoles                              **
*******************************************************************************/



Pos_LeQ1 = 2.875 ;
Pos_LeQ2 = 8.878185 ;
Pos_LeQ3 = 14.88137 ;
Pos_LeQ4 = 20.884555 ;
Pos_LeQ5 = 26.88774 ;
Pos_LeQ6 = 34.290925 ;
Pos_LeQ7 = 40.29411 ;
Pos_LeQ8 = 46.297295 ;
Pos_LeQ9 = 52.30048 ;
Pos_LeQ10 = 58.303665 ;
Pos_LeQ11 = 65.70685 ;
Pos_LeQ12 = 71.710035 ;
Pos_LeQ13 = 77.71322 ;
Pos_LeQ14 = 83.716405 ;
Pos_LeQ15 = 89.71959 ;
Pos_LeQ16 = 97.122775 ;
Pos_LeQ17 = 103.12596 ;
Pos_LeQ18 = 109.129145 ;
Pos_LeQ19 = 115.13233 ;
Pos_LeQ20 = 121.135515 ;
Pos_LeQ21 = 128.5387 ;
Pos_LeQ22 = 134.541885 ;
Pos_LeQ23 = 140.54507 ;
Pos_LeQ24 = 146.548255 ;
Pos_LeQ25 = 152.55144 ;
Pos_LeQ26 = 159.954625 ;
Pos_LeQ27 = 165.95781 ;
Pos_LeQ28 = 171.960995 ;
Pos_LeQ29 = 177.96418 ;
Pos_LeQ30 = 183.967365 ;
Pos_LeQ31 = 191.37055 ;
Pos_LeQ32 = 197.373735 ;
Pos_LeQ33 = 203.37692 ;
Pos_LeQ34 = 209.380105 ;
Pos_LeQ35 = 215.38329 ;
Pos_LeQ36 = 222.786475 ;
Pos_LeQ37 = 228.78966 ;
Pos_LeQ38 = 234.792845 ;
Pos_LeQ39 = 240.79603 ;
Pos_LeQ40 = 246.799215 ;
Pos_LeQ41 = 254.2024 ;
Pos_LeQ42 = 260.205585 ;
Pos_LeQ43 = 266.20877 ;
Pos_LeQ44 = 272.211955 ;
Pos_LeQ45 = 278.21514 ;
Pos_LeQ46 = 285.618325 ;
Pos_LeQ47 = 291.62151 ;
Pos_LeQ48 = 297.624695 ;
Pos_LeQ49 = 303.62788 ;
Pos_LeQ50 = 309.631065 ;
Pos_LeQ51 = 317.03425 ;
Pos_LeQ52 = 323.037435 ;
Pos_LeQ53 = 329.04062 ;
Pos_LeQ54 = 335.043805 ;
Pos_LeQ55 = 341.04699 ;
Pos_LeQ56 = 348.450175 ;
Pos_LeQ57 = 354.45336 ;
Pos_LeQ58 = 360.456545 ;
Pos_LeQ59 = 366.45973 ;
Pos_LeQ60 = 372.462915 ;
Pos_LeQ61 = 379.8661 ;
Pos_LeQ62 = 385.869285 ;
Pos_LeQ63 = 391.87247 ;
Pos_LeQ64 = 397.875655 ;
Pos_LeQ65 = 403.87884 ;
Pos_LeQ66 = 411.282025 ;
Pos_LeQ67 = 417.28521 ;
Pos_LeQ68 = 423.288395 ;
Pos_LeQ69 = 429.29158 ;
Pos_LeQ70 = 435.294765 ;
Pos_LeQ71 = 442.69795 ;
Pos_LeQ72 = 448.701135 ;
Pos_LeQ73 = 454.70432 ;
Pos_LeQ74 = 460.707505 ;
Pos_LeQ75 = 466.71069 ;
Pos_LeQ76 = 474.113875 ;
Pos_LeQ77 = 480.11706 ;
Pos_LeQ78 = 486.120245 ;
Pos_LeQ79 = 492.12343 ;
Pos_LeQ80 = 498.126615 ;
Pos_LeQ81 = 505.5298 ;
Pos_LeQ82 = 511.532985 ;
Pos_LeQ83 = 517.53617 ;
Pos_LeQ84 = 523.539355 ;
Pos_LeQ85 = 529.54254 ;
Pos_LeQ86 = 536.945725 ;
Pos_LeQ87 = 542.94891 ;
Pos_LeQ88 = 548.952095 ;
Pos_LeQ89 = 554.95528 ;
Pos_LeQ90 = 560.958465 ;
Pos_LeQ91 = 568.36165 ;
Pos_LeQ92 = 574.364835 ;
Pos_LeQ93 = 580.36802 ;
Pos_LeQ94 = 586.371205 ;
Pos_LeQ95 = 592.37439 ;
Pos_LeQ96 = 599.777575 ;
Pos_LeQ97 = 605.78076 ;
Pos_LeQ98 = 611.783945 ;
Pos_LeQ99 = 617.78713 ;
Pos_LeQ100 = 623.790315 ;
